1 -- 2; 100V
1 -- 3;
2 -- 4, 1.0;
3 -- 4, 1.0;
3 -- 5;
4 -- 6, 1.0;
5 -- 6, 1.0;
5 -- 7;
6 -- 8, 1.0;
7 -- 8, 1.0;
7 -- 9;
8 -- 10, 1.0;
9 -- 10, 1.0;
9 -- 11;
10 -- 12, 1.0;
11 -- 12, 1.0;
11 -- 13;
12 -- 14, 1.0;
13 -- 14, 1.0;
13 -- 15;
14 -- 16, 1.0;
15 -- 16, 1.0;
15 -- 17;
16 -- 18, 1.0;
17 -- 18, 1.0;
17 -- 19;
18 -- 20, 1.0;
19 -- 20, 1.0;
19 -- 21;
20 -- 22, 1.0;
21 -- 22, 1.0;
21 -- 23;
22 -- 24, 1.0;
23 -- 24, 1.0;
23 -- 25;
24 -- 26, 1.0;
25 -- 26, 1.0;
25 -- 27;
26 -- 28, 1.0;
27 -- 28, 1.0;
27 -- 29;
28 -- 30, 1.0;
29 -- 30, 1.0;
29 -- 31;
30 -- 32, 1.0;
31 -- 32, 1.0;
31 -- 33;
32 -- 34, 1.0;
33 -- 34, 1.0;
33 -- 35;
34 -- 36, 1.0;
35 -- 36, 1.0;
35 -- 37;
36 -- 38, 1.0;
37 -- 38, 1.0;
37 -- 39;
38 -- 40, 1.0;
39 -- 40, 1.0;
39 -- 41;
40 -- 42, 1.0;
41 -- 42, 1.0;
